>> x = [81 18 67 40 11]
x =

   81   18   67   40   11

>> c = 1
c = 1
>> res1 = x*c
res1 =

   81   18   67   40   11

>> res1 = res1 + x
res1 =

   162    36   134    80    22

>> res1 = res1 / c
res1 =

   162    36   134    80    22

>> res2 = x .^ 3
res2 =

   531441     5832   300763    64000     1331

