>> a = [3 6 5 2; 4 6 3 5; 2 3 2 6; 2 4 3 6]
a =

   3   6   5   2
   4   6   3   5
   2   3   2   6
   2   4   3   6

>> b = [3; 0; 4; 3]
b =

   3
   0
   4
   3

>> y = [2; 0; 1; 1]
y =

   2
   0
   1
   1

>> diary off
>> x = a^2 \ b
x =

   12.5964
  -15.3492
   11.5397
    0.3515

>> diary off
>> at = a.'
at =

   3   4   2   2
   6   6   3   4
   5   3   2   3
   2   5   6   6

>> x = a*at*a^3 \ b
x =

    889.676
  -1055.227
    783.169
     15.340

>> diary off
>> yt = y.'
yt =

   2   0   1   1

>> z = yt*a^2*at*a^3*y
z = 5.1746e+07
>> diary off
>> (a-a^2)^2
ans =

    9640   16465   10896   17251
   10966   18754   12427   19619
    7710   13191    8744   13820
    8904   15224   10085   15960

>> 3 * a^3 - a^2
ans =

   2062   3532   2345   3645
   2354   4012   2650   4171
   1640   2805   1858   2981
   1892   3243   2153   3429

>> (a^4 - a^2)^2
ans =

   6.5978e+08   1.1281e+09   7.4731e+08   1.1815e+09
   7.5114e+08   1.2843e+09   8.5079e+08   1.3451e+09
   5.2856e+08   9.0373e+08   5.9868e+08   9.4651e+08
   6.1014e+08   1.0432e+09   6.9109e+08   1.0926e+09

>> diary on
>> (a-a^2)^2
ans =

    9640   16465   10896   17251
   10966   18754   12427   19619
    7710   13191    8744   13820
    8904   15224   10085   15960

>> 3 * a^3 - a^2
ans =

   2062   3532   2345   3645
   2354   4012   2650   4171
   1640   2805   1858   2981
   1892   3243   2153   3429

>> (a^4 - a^2)^2
ans =

   6.5978e+08   1.1281e+09   7.4731e+08   1.1815e+09
   7.5114e+08   1.2843e+09   8.5079e+08   1.3451e+09
   5.2856e+08   9.0373e+08   5.9868e+08   9.4651e+08
   6.1014e+08   1.0432e+09   6.9109e+08   1.0926e+09

>> 